30
30
30
84
120
61
119
36
65
42
56
50
12
64
70
51
160
65
27
30
28
48
45
27
21
26
49
42
36
24
36
95
50
24
64
120
42
70
91
25
15
24
24
83
45
18
18
24
16
20
91
40
44
50
112
56
30
24
60
44
168
56
48
90
70
20
27
24
30
60
45
48
49
24
144
32
36
16
36
22
48
25
26
64
48
60
40
80
60
24
24
42
64
64
39
27
21
64
32
45
72
32
35
24
24
30
85
44
56
45
25
30
21
33
24
20
45
56
18
30
45
105
30
52
24
54
48
18
15
24
32
40
54
40
39
56
40
21
28
35
45
27
18
45
54
20
68
42
24
49
54
33
39
38
80
60
81
51
40
45
66
56
48
76
30
72
80
63
78
40
36
40
104
60
108
30
36
44
56
77
90
30
76
63
40
24
54
48
119
120
80
84
108
75
60
40
88
39
104
80
75
36
45
91
80
20
45
50
112
70
100
70
50
72
60
27
88
45
18
52
40
24
64
100
44
40
96
30
40
65
72
48
40
72